7101833
7191448
7656238
7695297
32293523
36864690
36921560
37282001
38236433
118565281
118688497
1245094549
1248167024
1415546832
1416382632
1417829320
1417862623
1475658267
1475662455
1482153149
808124310943
824798245635
824801444185
824801452644
1183063372296
1183066027046
1183066028845
1183116953386
1183121062086
1183138095090
1183138105765
1183138114944
1183156784408
1183156832903
1183637580628
1183648492740
1183880935396
1183887746596
1183890893132
1183902995413
1783604269099
1783604270545
1819872955408
1819872978099
1819872981638
1822275615398
1822275629072
1822275655372
1822276067542
1822277750220
1822498536989
1822508341693
1822510022436
1832797022807
1832797023038
1832797322142
1832797624848
1832804217798
1832826626603
1832851927559
1832854922199
1832854933359
1832862982113
1833963932535
1833964080946
2035668080014
2043598913554
5241467573944
5241571999835
5254960732355
5254960788421
5254960798210
5254960798384
5254960999376
5283785872098
5283785874011
5283786467580
5283824426508
5283833408992
5283833448956
5283833450126
5283833463195
5283838143878
5283838428813
5283838430217
5283844001870
5283996191918
5284009051046
5284021182401
5284023618881
5284023675374
5284024012550
5285365300715
5285365323441
5285369211563
5285754325524
5285754325811
5287018895418
5287036416243
5287041224025
5287057674598
5287066615363
5287066679700
5287067383376
5311784410256
5354746133258
5360392668955
5360392725088
5360392729930
5360392730680
5360876178822
5361643187967
5361643720697
5361644636583
5366604173176
5373485026232
5373485028692
5373490531790
5373670706523
5895661673251
5895661741149
5895661812921
5895661830435
6263556924900
6263560095470
6278454992259
6278707420689
6278708397626
6315037952783
6315047637283
6315047637605
6315047683684
6321477197940
6321611520060
6349144972892
6365959474176
6365959476914
6365960782394
6365961064958
6366042518078
6366044111494
6366044162143
6366055212838
6366055357313
6366071330589
6366076440318
6366077629939
6366088903371
6366089831133
6366217733880
6366217941864
6366217947496
6366223780488
6366240125403
6366406866483
6366437951109
6366438046343
6366438229022
6366478643120
6366634007611
6366639119885
6366639182733
6366642640461
6369913488580
6369913494805
6369913500128
6369913503202
6369913739792
6369928873064
6369936003121
6369947223064
6369947236884
6370098429204
6370116920327
6370208730607
6370208917918
6370209098143
6370209722295
6370209802895
6370414742528
7946240417393
7946240659475
7946243804883
7946247001836
7947015530168
7947054300635
7947091444754
7947091484642
7947092174052
7947092195432
7947092195850
7947549948956
7947549961525
7947550036334
7947550800233
7947550802857
7947550803559
7947550817628
7947715103340
7947715367340
7947768868758
7967887241155
7967887245704
8192478732824
8199199792064
8199200674659
8199206928917
8199207298487
8199207301469
8199950277564
8199952413516
8199954569580
8200048782301
8200194107743
8200194132244
8200401286752
8201458327264
8202230315195
8206062472200
8206062527224
8206062709601
8218149993605
8218150296924
8218150369836
8218150380262
8218165476128
8218165848932
8218189087461
8218235924481
8218236308688
8218239105252
8218270211852
8218932858638
8218932858978
8218932875357
8218933042237
8218933074872
8219015100872
8219015104726
8219015122202
8219015123033
8219361043405
8226789184459
8233730973819
8233732483859
8233733885916
8233761702577
8233765759518
8233766654218
8233766657032
8233806847725
8233812312010
8233812312632
8233813176881
8233813451870
8233836141134
8233843770668
8233843771746
8233908818094
8235525387348
8235525793909
8235578048629
8235578069665
8235579644505
8235579829026
8244434551498
8244439327345
8244462232837
8246796592890
8246797860173
8246798569771
8246798959862
8246801603972
8246824952225
8365042813811
8365068881530
8365068893400
8365663444949
8365663445668
8365664191012
8365664198144
8365665396500
8365665414679
8365692521249
8365692678309
8365722975647
8365730661986
8365870003650
8365870018194
8365884958350
8365884960057
8365885339767
8365885531162
8365886008527
8365888677345
8365898282849
8365922318006
8365922363616
8365922367002
8444645953946
8445089632526
8445089633502
8445091736672
8445091896759
8453594161984
8453602796734
8453624736428
8453624740068
8453624741381
8453624784859
8453624794223
8453626155327
8453661294002
8453661397928
8473179228053
8553747962453
8577323544095
8577325303991
8577327927527
8577436169956
8577436183501
8578661287883
8578661288747
8578661289880
8578667683939
8578672036227
8578675021296
8596503198728
8596503202438
8596503216637
8596503238857
8596506665654
8596506686787
8596506687583
8596506688214
8782268970832
8782288505956
8782363977600
9176420208252
9176420213450
9176420215662
9176434760010
9176434776418
9176434778570
9176439810020
9176439816146
9220244727170
9223669140900
9374035049488
9374055157394
9374055230518
9374224740281
9374433741883
9374433757677
9374438397470
9374438405339
9374455738001
9374456177242
9421827089768
9421827092119
9492615770599
9492763490047
9492774511244
9492774514490
9492774521322
9502331336566
9502442283864
9502442737730
9502889316313
9502893206582
9502893209469
9502893221263
9502893701287
9502902461329
9503114825783
9503117501356
9503119714487
9534465742532
9534557464700
9534557509422
9538889243598
9538914142313
10048581580960
10048587815677
10048686949019
10048686949198
10048687500294
10048687838478
10048687906314
10063285139106
10063288751261
10063288755321
10063288778745
10063290471760
10063292939568
10063292939597
10063292939804
10063297912604
10063297942746
10063299488582
10063299491286
10063301055272
10063301055622
10063704982500
11520103187335
11520427514695
11520868338296
11520887638152
11520888665394
11520888677089
11520889035864
11526848106226
11526848526834
11526848634426
11526849137686
11526849669174
11528359951815
11528492024295
11528492860068
11529660370329
11529660382358
11529660553589
11529751571822
11529751698698
11529751992770
11529752266686
11529752339874
11529752351902
11529754194609
11529791704901
11529801519069
11529852584132
40776023380446
40776023381726
40776023426964
40776023469003
40776166201990
40777629455611
40778435391565
41248365880338
41249232722278
41249232723153
41249232735633
41249609169297
41254609243957
41254615729568
41254615761600
41254615764309
41254615764755
41254617959049
41254635700394
41256235624589
41262152310581
41272738262129
41272747742129
41272758978313
41273260925258
41328818197940
41328818200055
41329758071867
41350339777091
41350376915564
41350376949380
41351058995477
41351058998347
41351059006013
41351059007526
41351059009219
42737416049144
42737416050115
42737643953256
42737646532880
42738333697504
42738333715430
42738333724742
42738333778382
42738340591148
42738345284828
42738345288408
42740310766296
42740311197903
42740311211386
42740312171160
42740321914648
42740667884440
42741641750684
42741771047910
42743575822410
42743575852554
42743606917476
42743637621966
42743638961206
42743709146987
42818890698256
42819219525431
42819219689303
42819491417838
42819491437056
42819491732905
42819491819412
42819501670647
42819502013817
42840714117891
42840866276162
42937485999356
42937486008464
42937486446476
42937487140991
42937513142549
42937517967416
42937521238021
42937521238688
42942615638438
42942619335588
42944746547620
44306911463620
44432991157156
44432991169439
44432992359763
44432992681063
44433337997671
44433338992495
44433400461717
44453840218733
44480254481003
44480255082180
44480255927383
44480256187954
44480299247192
44480423344474
44480426651755
44480426653188
44480461658770
44483019082786
44483019203060
44483019331154
44484898723226
44484898727764
44501173405764
44501173784014
44501173786020
44501173794490
44501173830846
44501174561634
44501174562231
44501177821213
44501178760673
44501183851153
44501184398123
44501184439935
44501184464350
44501184531539
44501184636991
44501240555623
44501240663616
44501259831855
44501259958726
44501298489760
44523468316096
44529688073664
44532699870144
44532701985894
44768566368834
44768566370042
44768566371443
44768765259374
44835304890038
44835305100910
44835305101741
44835306809766
44835311178726
44836020544326
44836021094307
44836043043523
44836043043900
44836046967605
44837822164105
44837823678057
44837824735112
44837824774781
44837824776981
44841175198499
44841175926925
44841176115253
44841370291159