7101833
89615
464790
39059
24598226
4571167
56870
360441
954432
80328848
123216
3072475
167379808
835800
1446688
33303
57795644
4188
6490694
16673934692
3198550
8459
2654750
1799
50924541
4108700
17033004
10675
9179
18669464
48495
480747725
10912112
232442656
6811200
3146536
12102281
1446
36268684863
22691
3539
2402633760
26300
412170
220786769
9804704
1680743
10287000371
231
299104
302706
6592950
22408805
2994640
11160
8048754
148411
201703999068
104425891
13388732520
56066
9789
174
200992
1913
593569
37958928
8982484
39964
1170
13069
4680683
284935
1404
5571653
152190048
12859128
12131355
2436480
56493
337176
1341288165
22726
287
1264569607
17520825
4807782
16450573
64337
24717026880
56133
4842
750
767009145
532730
915886
4959536593
2460
5503098
180174733
67898
71772
17514
3170570
252428430
36329555157
9684500
322
6429514256
134322120
2738
1305480
282564
81453120
1593416
50649
144475
5109729
11273432
927762
127902747
207984
5632
16344915
166741080
31084626
95234
182679
40414098
155364491
62848
3457728
3270848119
6225
5323
3074
236590
15133272
11219943
13820
151192320
18491123
91810280
187311
180225
624152
80600
1575825674865
242082
3145408
3196953
38770467
37144119
39888
689410
21380
418
12569
74809
763899
2624
702
14069
264000
53501418
20118372397
224591487120
6721059240
882595
2982
2135952
2156064
94212721
145325442
24501
207154508
1057040512
55024
182377
12087284004
303319
72912
10426
15095866
372804
23238529
46837020
384207
2796564
662646786
340
16379
166880
32635
82026000
3854
17476
831
7428141054
6941789360
1510040
1402057
27816661
4056941
894700
2814
40190693
5464285
622
274989
22689264
7629534
1078
65046348
1616569254
406561
52254720
21036
1574840
184521
8854722472
22905492
2334360053
1267283
390091
2644110
23348253
118217861586
26067719
11870
594551549
719
745344
7132
1198356
18179
27106570
157060
30297338
7686339
14544
14940156
1707
379710
191395
477365
2668818
24035157
45610
3386
443678580
976
2103170
160087
8634750
21939694
3640
1313
43478
9364
1361104
35138675
80568734400
23575581642
1759896
108242429
13545
1225104382
864
1133
6394059
4352288
2985069
17828177432
3710
14199
22220
3426797
21133
796
631
19535124
5198
14544348
16408
2152
5031450
6126
43804911024
73124
169509763
209001602
15794
4639793
7869
17332662
439241
47370912526
2351
70788678480
147719448
11021197
3246
6832
110947298
453866
446578583
3890269
2887
11794
480024
8760042
212364454
2213131
44722
4331734176
6234717
99133342
179
551096
338184
67836
14597232792
4060
23424
2467808
29
207
4972800
30142
1545836
2704
1563986
350
324327360
440823601
19299856
1027242
11695
358775
420608
107592
503260
531488
1510282641
132072480
835773
1167510261
12029
91018233
126876
294072
273916
73188
12028
1842707
37510292
51065063
1280
45238
42039
805935954
866841940
875
12480
6485611
32032
2709
446
2194294
17741345
5916685992
10585951548
9480000
11236184
55557272682
2115
37138473
33816
2870
7666
1513
1693
971
227903141
2579624
687164624
17926
9312
53640
6812766
4693680
3580
1965477888
431607
13483
9743488
345969792
973866244
129297226
1804774500
30144
31064922
1339240
163872
19218
295849
86507
9851235
343170
152158271
9108
438012
26001558
4824867
3270605
667
5094399750
2127212032
1362164916000
12283
1190324
321300
345316608
994824
61469222
26414262270
601177
845203
260571
43059238
3307281
1433
35005582
2557424016
128094
1879392072
4538
16274678000
2006
8470
36356
730788
597
3258982
939460
5090480
41812
24415
67189
105452
55918632
107993
19168239
126871
38531034
22169826336
3011796480
2115750
1208
1401
198887931
66539630664
210872
831
1708025
4368960
709365600
21949216
377
3923705
1775196500
1513952
1057055
39669
2200
728426
188328
4253199939561